495,185
495,277
495,321
495,188
495,320
495,166
122,10
122,9
495,276
122,20
495,275
495,274
122,19
495,273
495,152
118,5
408,4
495,272
195,7
195,6
495,142
148,15
61,27
495,153
55,13
495,191
495,183
495,271
61,13
495,204
495,194
495,190
495,134
495,270
495,196
495,203
495,178
495,269
122,18
495,202
495,199
495,189
495,174
98,24
495,268
98,23
98,22
495,186
98,21
98,20
98,19
495,267
61,17
495,201
495,155
495,266
148,5
495,200
495,195
495,265
122,6
122,4
122,8
495,264
122,11
122,7
122,5
495,177
122,17
495,263
495,262
55,12
495,187
495,163
495,261
495,136
495,260
91,12
123,14
123,13
495,259
495,198
495,62
98,18
98,17
98,16
495,181
495,258
495,179
61,28
61,24
61,26
61,25
61,7
61,23
61,22
61,8
61,6
61,5
61,21
495,257
61,20
61,19
61,18
61,12
98,15
495,256
98,14
98,13
62,11
495,184
495,127
495,197
495,164
495,45
495,126
495,170
495,125
495,193
495,154
495,145
495,157
495,124
122,16
495,182
495,141
98,12
495,123
98,11
98,10
61,16
495,176
495,122
495,192
495,180
495,129
495,121
495,120
98,9
495,173
0,353
0,351
0,346
0,343
0,336
0,333
0,322
0,320
0,317
0,312
0,311
0,306
0,243
495,119
495,1
495,3
0,396
495,0
0,310
0,305
431,1
431,3
431,0
430,1
430,3
430,0
429,1
429,3
429,0
428,1
428,3
428,0
427,1
427,3
427,0
426,1
426,3
426,0
425,1
425,3
425,0
424,1
424,3
424,0
423,1
423,3
423,0
422,1
422,3
422,0
420,1
420,3
420,0
421,1
421,3
421,0
416,1
416,3
416,0
415,1
415,3
415,0
414,1
414,3
0,316
414,0
413,1
413,3
413,0
412,1
412,3
412,0
411,1
411,3
411,0
410,1
410,3
410,0
409,1
409,3
409,0
408,1
408,3
0,498
408,0
407,1
407,3
407,0
406,1
406,3
0,480
0,314
406,0
0,412
0,9
0,319
0,324
0,491
0,469
0,455
0,450
0,446
0,432
0,460
0,459
0,453
0,479
0,465
0,464
0,417
0,308
0,304
0,303
0,302
0,307
0,444
0,12
0,373
0,10
0,452
0,8
0,0
0,349
0,300
0,391
0,299
0,481
0,298
0,442
0,297
0,342
0,296
0,441
0,295
0,326
0,294
0,429
0,293
0,497
0,292
0,407
0,291
0,337
0,290
0,475
0,289
0,352
0,288
0,370
0,287
0,395
0,286
0,301
0,285
0,361
0,284
0,283
0,496
0,282
0,328
0,281
0,494
0,280
0,394
0,279
0,331
0,278
0,416
0,277
0,477
0,276
0,387
0,275
0,355
0,360
0,367
0,369
0,374
0,376
0,379
0,382
0,400
0,410
0,411
0,443
0,447
0,448
0,451
0,454
0,457
0,458
0,466
0,473
0,478
0,489
0,490
0,493
0,500
0,503
0,506
0,507
1,0
1,1
1,3
1,5
1,6
2,0
2,1
2,3
2,5
2,6
2,8
2,9
2,11
2,12
2,14
2,16
2,17
2,19
2,20
2,22
2,24
2,25
2,27
2,28
2,30
2,32
2,33
2,35
2,64
2,66
2,67
2,69
2,71
2,72
2,74
2,75
2,77
2,79
2,80
2,82
2,83
2,85
2,86
2,88
2,90
2,91
2,93
2,94
2,96
2,98
2,99
2,101
2,102
2,104
2,105
2,107
2,109
2,110
2,112
2,113
3,1
3,3
3,4
3,6
4,0
4,2
24,0
24,1
24,3
24,4
24,6
24,7
24,9
25,1
25,2
25,4
25,5
25,7
25,9
25,10
25,12
25,13
25,15
25,16
25,18
25,20
25,21
25,23
25,24
25,26
26,1
26,2
26,4
26,5
26,7
26,8
26,10
26,12
26,13
26,15
26,16
26,18
26,20
26,21
27,1
27,2
27,4
27,5
27,7
27,9
27,10
27,12
27,13
27,15
27,17
27,18
27,20
27,21
27,23
27,25
28,0
28,2
28,3
28,5
28,6
29,0
29,2
29,3
30,0
30,1
30,3
30,5
30,6
31,1
31,2
31,4
32,0
32,2
32,4
32,5
32,7
32,8
33,1
33,3
33,4
33,6
33,7
34,1
34,2
34,4
35,0
35,1
35,3
35,4
35,6
36,0
36,1
36,3
36,4
36,6
36,8
36,9
37,1
37,2
37,4
37,5
38,1
38,3
38,4
39,1
39,2
39,4
40,1
40,2
40,4
40,5
41,1
41,2
41,4
42,0
42,1
42,3
42,4
43,0
43,2
43,3
43,5
43,6
43,8
43,9
43,11
43,13
43,14
44,0
44,1
44,3
45,0
45,1
45,3
45,4
45,6
45,7
46,0
46,2
46,3
47,1
47,2
47,4
48,1
48,2
48,4
48,5
49,0
49,2
49,3
49,5
49,6
50,0
50,1
50,3
50,5
50,6
51,1
51,2
51,4
51,6
51,7
52,1
52,2
52,4
52,5
53,1
53,3
53,4
54,0
54,1
54,3
54,5
54,6
55,1
55,2
55,4
55,5
55,7
55,9
55,10
56,1
56,2
56,4
56,6
57,0
57,2
57,3
57,5
58,0
58,1
58,3
58,4
58,6
59,0
59,2
59,4
60,0
60,2
60,3
61,0
61,2
61,3
61,9
61,11
62,1
62,2
62,4
62,5
62,7
62,9
62,10
62,12
62,13
62,15
62,16
62,18
63,1
63,2
63,4
63,5
64,1
64,3
64,4
64,6
65,0
65,2
65,4
66,0
66,2
66,3
67,0
67,1
67,3
67,5
67,6
67,8
68,0
68,2
68,4
68,5
69,0
69,1
69,3
69,4
69,6
70,1
70,2
70,4
70,5
71,0
71,2
71,3
71,5
71,6
72,0
72,1
72,3
72,5
72,6
73,0
73,1
73,3
73,5
73,6
74,0
74,1
74,3
74,4
74,6
74,8
75,0
75,2
75,3
75,5
76,1
76,2
76,4
76,5
77,0
77,2
77,3
78,1
78,2
78,4
78,5
78,7
78,9
78,10
79,0
79,1
79,3
79,5
79,6
80,1
80,2
80,4
80,5
81,0
81,2
81,3
81,5
81,6
82,1
82,3
82,4
82,6
83,0
83,2
83,3
83,5
83,7
83,8
83,10
84,0
84,2
84,4
84,5
84,7
84,8
84,10
84,12
84,13
84,15
84,16
84,18
84,19
84,21
84,23
84,24
84,26
84,27
84,29
84,31
84,32
84,34
84,35
84,37
84,38
84,40
85,0
85,1
85,3
85,4
85,6
86,1
86,2
86,4
86,5
87,1
87,2
88,0
88,2
88,3
89,1
89,2
89,4
90,1
90,2
90,4
90,5
90,7
91,0
91,2
91,4
91,5
91,7
91,8
92,0
92,2
92,3
93,0
93,1
93,3
94,0
94,1
94,3
94,4
95,1
95,2
95,4
95,6
95,7
96,1
96,2
96,4
96,6
97,0
97,2
97,3
98,0
98,1
98,3
99,1
99,2
100,0
100,1
100,3
101,0
101,1
101,3
102,0
102,2
102,3
103,0
103,2
103,3
104,0
104,1
104,3
105,0
105,1
105,3
105,4
106,1
106,3
107,0
107,2
107,3
108,1
108,2
108,4
109,1
109,2
109,4
110,0
110,2
110,4
111,0
111,2
111,3
112,0
112,1
112,3
113,0
113,1
113,3
113,4
114,1
114,3
114,4
115,0
115,1
115,3
115,4
115,6
116,0
116,1
116,3
116,4
116,6
117,1
117,2
117,4
117,5
118,1
118,2
118,4
118,6
118,7
118,9
118,10
118,12
119,1
119,2
119,4
119,5
119,7
119,9
120,0
120,2
120,3
120,5
120,6
120,8
121,0
121,1
121,3
121,4
121,6
121,8
121,9
122,1
122,2
123,0
123,1
123,3
123,5
123,6
123,8
123,9
123,11
123,12
124,1
124,3
124,4
125,1
125,2
125,4
125,6
126,0
126,2
126,3
127,1
127,3
127,4
128,0
128,1
128,3
128,4
128,6
129,0
129,1
129,3
129,4
130,1
130,3
130,4
130,6
130,7
131,1
131,2
131,4
132,0
132,1
132,3
132,4
133,0
133,2
133,3
133,5
133,6
134,1
134,2
134,4
135,0
135,1
135,3
135,4
136,1
136,3
136,4
136,6
137,0
137,2
137,4
137,5
138,1
138,2
138,4
139,0
139,2
139,4
139,5
140,1
140,2
140,4
141,0
141,1
141,3
142,0
142,2
142,3
142,5
143,1
143,2
143,4
143,5
144,1
144,3
144,4
145,0
145,1
145,3
145,4
146,0
146,2
146,3
147,0
147,1
147,3
148,1
148,2
148,4
148,7
148,8
148,10
148,12
149,0
149,2
149,3
149,5
150,1
150,2
150,4
150,5
151,1
151,3
152,0
152,2
152,3
153,1
153,2
154,0
154,2
154,3
155,0
155,1
155,3
156,0
156,1
156,3
156,4
156,6
157,0
157,2
157,4
157,5
158,0
158,1
158,3
158,5
159,0
159,2
159,3
160,0
160,1
160,3
160,5
160,6
160,8
160,9
160,11
160,13
160,14
161,0
161,1
161,3
161,5
161,6
162,0
162,1
162,3
162,4
163,0
163,2
163,3
163,5
163,6
163,8
164,1
164,2
164,4
164,5
165,1
165,2
165,4
166,1
166,2
166,4
166,5
167,0
167,2
167,3
168,1
168,2
169,0
169,1
169,3
169,5
169,6
170,0
170,1
170,3
170,5
171,0
171,2
171,3
171,5
171,6
172,1
172,3
173,0
173,2
173,3
173,5
174,1
174,2
174,4
174,5
174,7
175,1
175,2
175,4
175,5
176,1
176,2
177,0
177,2
177,3
177,5
177,6
178,0
178,2
178,3
178,5
178,6
179,1
179,2
179,4
180,1
180,2
180,4
180,5
181,0
181,2
181,3
181,5
181,6
182,1
182,2
182,4
183,1
183,2
183,4
183,5
183,7
184,1
184,2
184,4
184,5
185,0
185,2
185,3
185,5
185,6
186,0
186,1
186,3
187,0
187,1
187,3
187,4
188,0
188,2
188,3
189,0
189,1
189,3
189,4
189,6
190,1
190,2
190,4
190,5
191,0
191,2
191,3
191,5
191,6
192,1
192,2
192,4
193,1
193,2
193,4
193,5
194,0
194,2
194,3
195,0
195,1
195,3
195,4
196,0
196,2
196,3
196,5
197,0
197,2
197,4
198,0
198,2
198,3
198,5
199,1
199,2
199,4
200,0
200,2
200,3
200,5
201,1
201,2
201,4
202,0
202,2
202,4
203,0
203,2
203,3
203,5
203,6
204,0
204,2
204,3
204,5
204,6
205,1
205,3
206,0
206,2
206,3
206,5
207,0
207,2
207,4
207,5
208,1
208,2
209,0
209,2
209,3
210,0
210,1
210,3
211,0
211,1
211,3
211,4
212,1
212,2
212,4
213,1
213,2
213,4
214,0
214,2
214,4
215,0
215,2
215,3
215,5
216,0
216,2
216,4
216,5
216,7
217,0
217,2
217,4
218,0
218,2
218,3
219,1
219,2
219,4
220,1
220,2
220,4
220,5
221,1
221,3
221,4
221,6
222,0
222,2
222,4
223,0
223,2
223,3
224,0
224,1
224,3
224,5
224,6
225,1
225,2
225,4
226,0
226,1
226,3
226,4
227,0
227,1
227,3
227,5
227,6
228,1
228,2
228,4
229,0
229,1
229,3
229,4
229,6
230,0
230,2
230,4
231,0
231,2
231,3
231,5
232,0
232,1
232,3
232,4
233,0
233,1
233,3
233,5
233,6
234,1
234,2
234,4
235,0
235,1
235,3
235,4
236,0
236,2
236,3
236,5
236,6
236,8
236,9
237,1
237,3
237,4
238,1
238,2
238,4
239,0
239,1
239,3
239,4
240,1
240,2
240,4
241,0
241,1
241,3
241,4
242,1
242,3
242,4
242,6
242,7
243,0
243,1
243,3
244,1
244,2
244,4
245,0
245,2
245,4
245,5
245,7
246,0
246,2
246,4
247,0
247,2
247,3
247,5
247,6
248,1
248,3
248,4
248,6
249,0
249,2
249,4
249,5
250,0
250,1
250,3
250,4
250,6
251,1
251,2
251,4
251,5
252,0
252,2
252,3
252,5
252,6
253,0
253,1
253,3
253,5
254,0
254,2
254,3
255,0
255,2
255,3
256,0
256,1
256,3
256,4
257,1
257,3
257,4
257,6
258,0
258,2
258,4
259,0
259,2
259,3
260,0
260,2
260,3
261,0
261,1
261,3
261,4
262,1
262,3
262,4
263,1
263,2
263,4
264,1
264,2
264,4
265,0
265,2
265,3
266,0
266,2
266,3
267,0
267,1
267,3
268,0
268,1
268,3
268,4
269,1
269,2
269,4
270,1
270,2
270,4
271,0
271,2
271,4
271,5
272,1
272,2
272,4
273,1
273,2
273,4
273,5
274,1
274,2
274,4
275,1
275,2
275,4
276,0
276,2
276,4
277,0
277,2
277,3
277,5
278,0
278,2
278,4
278,5
278,7
278,8
279,1
279,3
279,4
279,6
279,7
280,1
280,2
280,4
280,6
280,7
281,1
281,2
281,4
282,0
282,1
282,3
282,4
282,6
283,0
283,2
283,4
283,5
284,0
284,1
284,3
285,0
285,1
285,3
285,4
285,6
286,0
286,1
286,3
286,4
287,0
287,1
287,3
288,1
288,2
288,4
288,5
288,7
289,1
289,2
289,4
289,5
289,7
290,0
290,2
291,0
291,1
291,3
291,4
292,1
292,3
292,4
293,1
293,2
293,4
293,5
293,7
294,1
294,2
294,4
294,5
294,7
295,1
295,2
295,4
295,5
295,7
296,1
296,2
296,4
297,0
297,2
297,3
298,0
298,2
298,3
298,5
298,6
299,1
299,3
299,4
300,1
300,2
300,4
300,5
301,1
301,3
301,4
302,1
302,2
302,4
303,0
303,1
303,3
303,4
304,1
304,2
304,4
305,1
305,2
305,4
305,5
306,1
306,3
306,4
307,0
307,1
307,3
307,5
308,0
308,2
308,3
308,5
308,6
309,1
309,3
309,4
309,6
310,0
310,2
310,4
310,5
311,1
311,2
311,4
312,0
312,2
312,4
313,0
313,2
313,3
313,5
314,0
314,1
314,3
314,4
314,6
314,7
314,9
315,1
315,2
315,4
315,5
316,0
316,2
316,3
316,5
316,6
317,1
317,2
317,4
317,6
318,0
318,2
318,3
318,5
318,7
319,0
319,2
319,3
320,0
320,2
320,3
320,5
320,6
321,0
321,1
321,3
321,5
321,6
322,1
322,2
322,4
323,1
323,2
323,4
323,5
324,0
324,1
324,3
325,0
325,1
325,3
325,4
326,1
326,3
326,4
327,0
327,1
327,3
328,0
328,2
328,4
329,0
329,2
329,3
329,5
329,7
329,8
330,1
330,2
330,4
331,0
331,1
331,3
331,4
332,1
332,2
332,4
333,1
333,2
333,4
334,0
334,2
334,4
335,0
335,2
335,3
335,5
336,0
336,2
336,4
336,5
336,7
337,0
337,2
337,4
337,5
338,1
338,2
338,4
338,5
339,1
339,3
339,4
339,6
340,0
340,2
340,4
340,5
341,0
341,1
341,3
341,4
342,1
342,3
342,4
343,1
343,2
343,4
343,6
344,0
344,2
344,3
345,0
345,2
345,3
345,5
345,6
346,0
346,1
346,3
347,0
347,1
347,3
347,4
348,0
348,2
348,3
349,0
349,1
349,3
349,4
350,1
350,3
350,4
350,6
350,7
351,1
351,3
351,4
352,0
352,1
352,3
352,4
353,1
353,3
353,4
353,6
354,0
354,2
354,4
354,5
354,7
354,8
355,1
355,3
355,4
356,0
356,1
356,3
356,4
357,1
357,3
357,4
358,0
358,1
358,3
359,0
359,1
359,3
359,4
360,0
360,1
360,3
361,0
361,1
361,3
361,4
362,1
362,3
362,4
363,1
363,2
363,4
363,5
363,7
364,1
364,2
364,4
364,5
365,1
365,3
365,4
365,6
366,0
366,2
366,3
366,5
367,1
367,2
367,4
367,5
368,0
368,2
368,3
368,5
369,0
369,2
369,4
369,5
370,0
370,1
370,3
370,4
371,0
371,2
371,3
372,0
372,1
372,3
373,1
373,2
373,4
373,5
374,0
374,1
374,3
374,5
375,0
375,2
375,3
376,0
376,2
376,3
377,0
377,1
377,3
377,4
378,0
378,2
378,3
378,5
379,0
379,2
379,4
380,0
380,2
380,3
381,0
381,2
381,3
381,5
382,0
382,2
382,3
383,1
383,3
383,4
384,1
384,2
384,4
384,6
385,0
385,2
385,3
385,5
385,6
386,1
386,3
386,4
387,0
387,1
387,3
387,5
387,6
388,1
388,2
388,4
388,5
388,7
389,0
389,1
389,3
389,4
389,6
390,1
390,2
390,4
390,5
391,1
391,3
391,4
392,0
392,1
392,3
392,4
393,1
393,3
393,4
394,0
394,1
394,3
395,0
395,1
395,3
395,4
396,1
396,2
396,4
396,6
397,0
397,2
397,3
397,5
398,1
398,2
398,4
399,0
399,2
399,3
399,5
400,1
400,2
400,4
400,5
400,7
401,0
401,1
401,3
401,4
402,1
402,2
402,4
402,6
403,0
403,2
403,3
403,5
404,1
404,2
404,4
405,0
405,2
405,4
406,2
406,5
406,6
407,2
408,2
409,2
410,2
410,4
410,6
411,2
412,2
413,2
413,4
414,4
414,5
414,7
415,2
416,2
416,5
417,0
417,2
417,3
418,0
418,2
418,3
418,5
420,2
420,5
420,6
422,2
424,2
425,2
427,2
428,2
430,2
432,0
432,1
432,3
433,0
433,2
433,4
434,0
434,2
434,3
435,0
435,1
435,3
436,0
436,1
436,3
436,4
437,0
437,2
437,3
437,5
438,0
438,2
438,3
439,0
439,2
439,3
440,0
440,1
440,3
440,5
440,6
441,1
441,2
441,4
442,0
442,2
442,4
442,5
442,7
442,8
442,10
443,0
443,1
443,3
443,4
443,6
444,0
444,2
444,4
444,5
445,0
445,1
445,3
446,0
446,1
446,3
446,4
447,0
447,2
447,3
447,5
447,6
448,1
448,2
448,4
449,0
449,1
449,3
449,4
450,0
450,2
450,3
451,0
451,1
451,3
451,4
452,0
452,2
452,3
453,1
453,2
453,4
453,6
453,7
454,1
454,2
455,0
455,1
455,3
456,1
456,2
456,4
456,5
457,0
457,2
457,3
457,5
457,6
458,1
458,3
458,4
459,1
459,2
459,4
459,5
460,0
460,2
460,3
460,5
461,0
461,2
461,4
461,5
462,1
462,2
462,4
462,5
463,1
463,3
464,0
464,2
464,3
465,0
465,2
465,3
465,5
466,0
466,2
466,3
466,5
466,7
467,0
467,2
467,3
467,5
468,1
468,2
468,4
468,5
469,1
469,2
470,0
470,2
470,3
470,5
471,0
471,2
471,4
472,0
472,2
472,3
472,5
473,1
473,2
473,4
473,5
474,1
474,2
474,4
475,0
475,1
475,3
475,4
476,0
476,2
476,3
476,5
477,0
477,2
477,3
478,0
478,2
478,3
479,0
479,1
479,3
479,5
480,0
480,2
480,3
480,5
481,0
481,2
481,4
481,5
482,1
482,2
482,4
483,1
483,2
484,0
484,1
484,3
484,5
484,6
485,0
485,1
485,3
485,4
486,1
486,3
486,4
487,1
487,2
487,4
488,1
488,2
488,4
489,0
489,2
489,3
489,5
490,1
490,2
490,4
491,0
491,2
491,4
492,0
492,2
492,3
493,0
493,1
493,3
494,0
494,1
494,3
494,4
495,4
495,6
495,7
495,9
495,10
495,12
495,14
495,15
495,17
495,18
495,20
495,21
495,23
495,25
495,26
495,28
495,29
495,31
495,33
495,34
495,36
495,37
495,39
495,40
495,42
495,44
495,47
495,48
495,50
495,52
495,53
495,55
495,56
495,58
495,59
495,61
495,63
495,64
495,66
495,67
495,69
495,71
495,72
495,74
495,75
495,77
495,78
495,80
495,82
495,83
495,85
495,86
495,128
495,130
495,131
495,133
495,138
495,139
495,144
495,147
495,149
61,15
495,156
495,169
55,11
50,8
495,159
98,7
98,5
98,6
495,158
495,117
495,109
495,112
495,107
495,103
495,97
495,91
148,13
148,14
122,13
122,12
495,162
495,171
495,165
495,151
495,161
495,160
495,150
495,114
495,108
495,104
495,100
495,96
495,90
495,168
495,175
122,14
122,15
495,167
50,7
50,9
495,172
495,118
98,4
98,8
91,11
91,10
61,14
495,148
495,146
495,143
495,140
495,137
495,135
495,132
495,87
495,84
495,81
495,79
495,76
495,73
495,70
495,68
495,65
495,60
495,57
495,54
495,51
495,49
495,46
495,43
495,41
495,38
495,35
495,32
495,30
495,27
495,24
495,22
495,19
495,16
495,13
495,11
495,8
495,5
495,2
494,2
493,4
493,2
492,4
492,1
491,3
491,1
490,3
490,0
489,4
489,1
488,3
488,0
487,3
487,0
486,2
486,0
485,2
484,7
484,4
484,2
483,3
483,0
482,3
482,0
481,3
481,1
480,4
480,1
479,4
479,2
478,4
478,1
477,4
477,1
476,4
476,1
475,5
475,2
474,5
474,3
474,0
473,3
473,0
472,4
472,1
471,3
471,1
470,4
470,1
469,3
469,0
468,3
468,0
467,4
467,1
466,6
466,4
466,1
465,4
465,1
464,4
464,1
463,2
463,0
462,3
462,0
461,3
461,1
460,4
460,1
459,6
459,3
459,0
458,2
458,0
457,4
457,1
456,6
456,3
456,0
455,2
454,3
454,0
453,5
453,3
453,0
452,1
451,5
451,2
450,4
450,1
449,5
449,2
448,5
448,3
448,0
447,4
447,1
446,5
446,2
445,4
445,2
444,6
444,3
444,1
443,5
443,2
442,11
442,9
442,6
442,3
442,1
441,3
441,0
440,4
440,2
439,4
439,1
438,4
438,1
437,4
437,1
436,5
436,2
435,4
435,2
434,4
434,1
433,3
433,1
432,2
431,2
429,2
426,2
423,2
421,2
420,4
418,4
418,1
417,4
417,1
416,4
415,4
414,6
414,2
412,4
411,4
410,5
409,4
406,7
406,4
405,3
405,1
404,3
404,0
403,4
403,1
402,5
402,3
402,0
401,2
400,8
400,6
400,3
400,0
399,4
399,1
398,3
398,0
397,4
397,1
396,5
396,3
396,0
395,2
394,4
394,2
393,5
393,2
393,0
392,2
391,5
391,2
391,0
390,3
390,0
389,5
389,2
388,8
388,6
388,3
388,0
387,4
387,2
386,5
386,2
386,0
385,4
385,1
384,5
384,3
384,0
383,2
383,0
382,1
381,4
381,1
380,4
380,1
379,3
379,1
378,4
378,1
377,5
377,2
376,4
376,1
375,4
375,1
374,4
374,2
373,6
373,3
373,0
372,2
371,4
371,1
370,5
370,2
369,6
369,3
369,1
368,4
368,1
367,6
367,3
367,0
366,4
366,1
365,5
365,2
365,0
364,3
364,0
363,6
363,3
363,0
362,2
362,0
361,2
360,4
360,2
359,5
359,2
358,4
358,2
357,5
357,2
357,0
356,2
355,5
355,2
355,0
354,6
354,3
354,1
353,5
353,2
353,0
352,2
351,5
351,2
351,0
350,5
350,2
350,0
349,2
348,4
348,1
347,5
347,2
346,4
346,2
345,7
345,4
345,1
344,4
344,1
343,5
343,3
343,0
342,2
342,0
341,2
340,6
340,3
340,1
339,5
339,2
339,0
338,3
338,0
337,3
337,1
336,6
336,3
336,1
335,4
335,1
334,3
334,1
333,3
333,0
332,3
332,0
331,2
330,5
330,3
330,0
329,6
329,4
329,1
328,3
328,1
327,2
326,5
326,2
326,0
325,2
324,4
324,2
323,6
323,3
323,0
322,3
322,0
321,4
321,2
320,7
320,4
320,1
319,4
319,1
318,6
318,4
318,1
317,5
317,3
317,0
316,4
316,1
315,6
315,3
315,0
314,8
314,5
314,2
313,6
313,4
313,1
312,3
312,1
311,3
311,0
310,3
310,1
309,5
309,2
309,0
308,4
308,1
307,4
307,2
306,5
306,2
306,0
305,3
305,0
304,3
304,0
303,2
302,5
302,3
302,0
301,2
301,0
300,3
300,0
299,2
299,0
298,4
298,1
297,4
297,1
296,3
296,0
295,6
295,3
295,0
294,6
294,3
294,0
293,6
293,3
293,0
292,2
292,0
291,2
290,3
290,1
289,6
289,3
289,0
288,6
288,3
288,0
287,2
286,5
286,2
285,7
285,5
285,2
284,4
284,2
283,6
283,3
283,1
282,5
282,2
281,5
281,3
281,0
280,5
280,3
280,0
279,5
279,2
279,0
278,6
278,3
278,1
277,4
277,1
276,3
276,1
275,3
275,0
274,3
274,0
273,3
273,0
272,3
272,0
271,3
271,1
270,3
270,0
269,3
269,0
268,2
267,4
267,2
266,4
266,1
265,4
265,1
264,3
264,0
263,3
263,0
262,2
262,0
261,2
260,4
260,1
259,4
259,1
258,3
258,1
257,5
257,2
257,0
256,2
255,4
255,1
254,4
254,1
253,4
253,2
252,7
252,4
252,1
251,6
251,3
251,0
250,5
250,2
249,6
249,3
249,1
248,5
248,2
248,0
247,4
247,1
246,3
246,1
245,6
245,3
245,1
244,3
244,0
243,2
242,8
242,5
242,2
242,0
241,2
240,5
240,3
240,0
239,2
238,5
238,3
238,0
237,2
237,0
236,7
236,4
236,1
235,5
235,2
234,5
234,3
234,0
233,4
233,2
232,5
232,2
231,6
231,4
231,1
230,3
230,1
229,5
229,2
228,5
228,3
228,0
227,4
227,2
226,5
226,2
225,5
225,3
225,0
224,4
224,2
223,4
223,1
222,3
222,1
221,5
221,2
221,0
220,3
220,0
219,3
219,0
218,1
217,3
217,1
216,6
216,3
216,1
215,4
215,1
214,3
214,1
213,3
213,0
212,3
212,0
211,2
210,4
210,2
209,4
209,1
208,3
208,0
207,3
207,1
206,4
206,1
205,2
205,0
204,4
204,1
203,7
203,4
203,1
202,3
202,1
201,3
201,0
200,4
200,1
199,3
199,0
198,4
198,1
197,3
197,1
196,4
196,1
195,5
195,2
194,4
194,1
193,6
193,3
193,0
192,3
192,0
191,4
191,1
190,6
190,3
190,0
189,5
189,2
188,4
188,1
187,5
187,2
186,4
186,2
185,7
185,4
185,1
184,6
184,3
184,0
183,6
183,3
183,0
182,3
182,0
181,4
181,1
180,6
180,3
180,0
179,3
179,0
178,4
178,1
177,7
177,4
177,1
176,3
176,0
175,3
175,0
174,6
174,3
174,0
173,4
173,1
172,2
172,0
171,4
171,1
170,4
170,2
169,7
169,4
169,2
168,3
168,0
167,1
166,6
166,3
166,0
165,3
165,0
164,3
164,0
163,7
163,4
163,1
162,5
162,2
161,7
161,4
161,2
160,15
160,12
160,10
160,7
160,4
160,2
159,4
159,1
158,4
158,2
157,6
157,3
157,1
156,5
156,2
155,4
155,2
154,4
154,1
153,3
153,0
152,1
151,2
151,0
150,3
150,0
149,4
149,1
148,11
148,9
148,6
148,3
148,0
147,2
146,4
146,1
145,5
145,2
144,5
144,2
144,0
143,3
143,0
142,4
142,1
141,2
140,5
140,3
140,0
139,3
139,1
138,3
138,0
137,3
137,1
136,5
136,2
136,0
135,2
134,5
134,3
134,0
133,4
133,1
132,5
132,2
131,5
131,3
131,0
130,5
130,2
130,0
129,2
128,7
128,5
128,2
127,5
127,2
127,0
126,1
125,5
125,3
125,0
124,2
124,0
123,10
123,7
123,4
123,2
122,3
122,0
121,7
121,5
121,2
120,9
120,7
120,4
120,1
119,8
119,6
119,3
119,0
118,11
118,8
118,3
118,0
117,3
117,0
116,5
116,2
115,7
115,5
115,2
114,5
114,2
114,0
113,2
112,4
112,2
111,4
111,1
110,3
110,1
109,3
109,0
108,3
108,0
107,1
106,2
106,0
105,2
104,4
104,2
103,4
103,1
102,4
102,1
101,2
100,4
100,2
99,3
99,0
98,2
97,4
97,1
96,5
96,3
96,0
95,5
95,3
95,0
94,2
93,4
93,2
92,4
92,1
91,9
91,6
91,3
91,1
90,6
90,3
90,0
89,3
89,0
88,1
87,3
87,0
86,3
86,0
85,5
85,2
84,41
84,39
84,36
84,33
84,30
84,28
84,25
84,22
84,20
84,17
84,14
84,11
84,9
84,6
84,3
84,1
83,9
83,6
83,4
83,1
82,5
82,2
82,0
81,4
81,1
80,6
80,3
80,0
79,4
79,2
78,11
78,8
78,6
78,3
78,0
77,1
76,6
76,3
76,0
75,4
75,1
74,7
74,5
74,2
73,7
73,4
73,2
72,7
72,4
72,2
71,7
71,4
71,1
70,6
70,3
70,0
69,5
69,2
68,6
68,3
68,1
67,7
67,4
67,2
66,4
66,1
65,3
65,1
64,5
64,2
64,0
63,3
63,0
62,17
62,14
62,8
62,6
62,3
62,0
61,10
61,4
61,1
60,4
60,1
59,3
59,1
58,5
58,2
57,6
57,4
57,1
56,5
56,3
56,0
55,8
55,6
55,3
55,0
54,4
54,2
53,5
53,2
53,0
52,3
52,0
51,5
51,3
51,0
50,4
50,2
49,7
49,4
49,1
48,6
48,3
48,0
47,3
47,0
46,1
45,8
45,5
45,2
44,4
44,2
43,15
43,12
43,10
43,7
43,4
43,1
42,5
42,2
41,5
41,3
41,0
40,3
40,0
39,3
39,0
38,2
38,0
37,3
37,0
36,7
36,5
36,2
35,7
35,5
35,2
34,5
34,3
34,0
33,5
33,2
33,0
32,6
32,3
32,1
31,3
31,0
30,4
30,2
29,4
29,1
28,7
28,4
28,1
27,24
27,22
27,19
27,16
27,14
27,11
27,8
27,6
27,3
27,0
26,19
26,17
26,14
26,11
26,9
26,6
26,3
26,0
25,25
25,22
25,19
25,17
25,14
25,11
25,8
25,6
25,3
25,0
24,8
24,5
24,2
4,3
4,1
3,5
3,2
3,0
2,111
2,108
2,106
2,103
2,100
2,97
2,95
2,92
2,89
2,87
2,84
2,81
2,78
2,76
2,73
2,70
2,68
2,65
2,34
2,31
2,29
2,26
2,23
2,21
2,18
2,15
2,13
2,10
2,7
2,4
2,2
1,7
1,4
1,2
0,508
0,505
0,499
0,492
0,486
0,467
0,463
0,456
0,449
0,445
0,439
0,404
0,380
0,377
0,372
0,364
0,415
0,274
0,368
0,273
0,371
0,272
0,406
0,271
0,437
0,270
0,488
0,269
0,418
0,268
0,363
0,267
0,470
0,266
0,428
0,265
0,471
0,264
0,419
0,263
0,510
0,262
0,365
0,261
0,399
0,260
0,438
0,259
0,375
0,258
0,383
0,257
0,393
0,256
0,426
0,255
0,335
0,254
0,397
0,253
0,386
0,252
0,251
0,502
0,250
0,462
0,249
0,414
0,248
0,350
0,247
0,357
0,246
0,332
0,245
0,427
0,244
0,487
0,242
0,501
0,241
0,511
0,240
0,484
0,239
0,472
0,238
0,344
0,237
0,409
0,236
0,334
0,235
0,390
0,234
0,474
0,233
0,362
0,232
0,339
0,231
0,329
0,230
0,495
0,229
0,327
0,228
0,425
0,227
0,347
0,226
0,398
0,225
0,421
0,224
0,345
0,223
0,384
0,222
0,330
0,221
0,220
0,434
0,219
0,476
0,218
0,461
0,217
0,216
0,366
0,215
0,433
0,214
0,385
0,213
0,315
0,212
0,408
0,211
0,356
0,210
0,358
0,209
0,321
0,208
0,509
0,207
0,482
0,206
0,485
0,205
0,440
0,204
0,359
0,203
0,313
0,202
0,401
0,201
0,325
0,200
0,423
0,199
0,341
0,198
0,422
0,197
0,420
0,196
0,468
0,195
0,340
0,194
0,392
0,193
0,348
0,192
0,318
0,63
0,413
0,62
0,389
0,61
0,436
0,60
0,435
0,59
0,338
0,58
0,403
0,57
0,430
0,56
0,309
0,55
0,381
0,54
0,424
0,53
0,52
0,483
0,51
0,388
0,50
0,354
0,49
0,405
0,48
0,378
0,47
0,323
0,46
0,504
0,45
0,402
0,6
0,5
0,1
0,431
0,11
0,4
0,2
0,3
0,7
